{
  "advancedEditorSelectedIdentifier" : "ProjectBrowser",
  "openSceneRelativePaths" : [
    "Scene.usda",
    "Materials\/MainMaterials.usda"
  ],
  "recentIdentifiers" : {
    "024B3F58-4A37-4A98-BC8F-30CCA2F7213E" : [

    ],
    "07D39E7C-54F0-4D1C-BA87-5A4CFE13FC32" : [

    ],
    "10DC260E-7E34-458D-8130-8BC1FE52C0C1" : [

    ],
    "13645D89-CD6F-4220-AAC6-10F3890F9A53" : [

    ],
    "1A64FE71-AA2A-44A6-86E9-74B83AD4F7BC" : [

    ],
    "1CC5162A-D388-4AE4-9CD2-424BBDC6D1AB" : [

    ],
    "1CE22AFD-AFFC-4A87-B2C8-509F66F3E3D8" : [

    ],
    "2462B4D1-3729-4740-A527-08AF2D4079AE" : [

    ],
    "2BD24514-86D6-4A9A-B46F-64DF2E05B4D9" : [

    ],
    "2CA5E205-068E-4319-BF62-3798B3DDDE41" : [

    ],
    "2EF998C0-C122-4093-9D64-D1B6D5E94C55" : [

    ],
    "505FC2C8-7C64-4664-901D-B55071515B1E" : [

    ],
    "553BCABF-3F57-4787-A5E3-C8D1B67DA1BC" : [

    ],
    "582AD03E-C50E-4968-A2BD-69537C4F5A9C" : [

    ],
    "6CB067F7-B86E-454D-B282-540C0DF93B67" : [

    ],
    "7BAD1749-A606-45EB-8FD1-184D76A389BA" : [

    ],
    "7CB352C2-13D5-49CC-8802-F9F4C2706CE5" : [

    ],
    "83C667AC-2C51-4296-82D0-F31221DF6867" : [

    ],
    "8AFBF4A7-0B2E-496D-A61B-A4E8569EBEEF" : [

    ],
    "9D1ADEAB-6A77-4121-95DF-53EED2053BA0" : [

    ],
    "9F96066D-FAF6-40E2-9D4F-FA572917678F" : [

    ],
    "AE504017-00D7-4C67-97A4-9F31C1338030" : [

    ],
    "AF089427-1F7D-40B8-A08E-F29C38DD82BF" : [

    ],
    "B1705CED-CB8A-43DD-8350-0E2161FDCEED" : [

    ],
    "BC2DB873-40C7-4A20-AA6C-FBE7600F0231" : [

    ],
    "C2CFC005-0ECD-4AF1-A652-042E9F1E499C" : [

    ],
    "C6E36DF8-B227-4E47-B3C0-E1C299DA3409" : [

    ],
    "CC3D359F-B04E-4CEB-8C51-C587109A8D28" : [

    ],
    "CE670E30-D3CD-4E93-854D-6D52CDE8D88D" : [

    ],
    "D66134B1-3681-4A8E-AFE5-29F257229F3B" : [

    ],
    "E0F08D51-34EC-487B-8E7F-797993A57135" : [

    ],
    "E699EB01-F320-47AF-9170-4E97EE8AFC53" : [

    ],
    "EC5B4C4A-4E86-40E9-947A-80A7F59245F4" : [

    ],
    "EE3B7FE0-8309-418A-98CF-203A95D0B673" : [

    ],
    "EF8A97E5-43CA-440D-9173-12AD2798A0C4" : [

    ],
    "F5AF5DA0-384F-412A-AA2F-1619C98CA55E" : [

    ]
  },
  "sceneCameraHistory" : {
    "10DC260E-7E34-458D-8130-8BC1FE52C0C1" : [
      {
        "date" : 766434998.532169,
        "title" : "Untitled",
        "transform" : [
          0.70333153,
          -6.3586514e-09,
          -0.710862,
          0,
          -0.35115457,
          0.86947095,
          -0.34743464,
          0,
          0.6180739,
          0.4939842,
          0.61152637,
          0,
          0.9513676,
          1.064303,
          0.9412894,
          1
        ]
      },
      {
        "date" : 766434996.640445,
        "title" : "Untitled",
        "transform" : [
          0.49321324,
          7.2966913e-09,
          -0.86990845,
          0,
          -0.3767381,
          0.9013566,
          -0.21359976,
          0,
          0.78409773,
          0.43307787,
          0.444561,
          0,
          1.1869667,
          0.9713421,
          0.67297626,
          1
        ]
      },
      {
        "date" : 766434990.727024,
        "title" : "Untitled",
        "transform" : [
          1,
          0,
          0,
          0,
          0,
          0.7071069,
          -0.70710677,
          0,
          0,
          0.70710677,
          0.7071069,
          0,
          0,
          1.5170887,
          1.3501792,
          1
        ]
      }
    ],
    "1CC5162A-D388-4AE4-9CD2-424BBDC6D1AB" : [
      {
        "date" : 769390687.503587,
        "title" : "Untitled",
        "transform" : [
          -0.9075982,
          4.4308067e-08,
          -0.4198399,
          0,
          -0.26714468,
          0.77144057,
          0.577506,
          0,
          0.32388154,
          0.6363015,
          -0.70015806,
          0,
          2.1563702,
          35.36527,
          -47.863674,
          1
        ]
      },
      {
        "date" : 769389453.223216,
        "title" : "Untitled",
        "transform" : [
          0.20351867,
          4.306707e-08,
          -0.9790711,
          0,
          -0.71386474,
          0.68438107,
          -0.14839044,
          0,
          0.67005765,
          0.72912467,
          0.13928437,
          0,
          42.360504,
          40.711033,
          -9.720242,
          1
        ]
      },
      {
        "date" : 769388193.35747,
        "title" : "Untitled",
        "transform" : [
          -0.80030817,
          4.4697387e-08,
          -0.59958905,
          0,
          -0.26375368,
          0.89805114,
          0.3520482,
          0,
          0.5384617,
          0.43989092,
          -0.71871763,
          0,
          16.268816,
          24.107702,
          -51.965637,
          1
        ]
      },
      {
        "date" : 769388176.851708,
        "title" : "Untitled",
        "transform" : [
          -0.9672211,
          4.5509733e-08,
          -0.25393608,
          0,
          -0.08562921,
          0.94143015,
          0.32615456,
          0,
          0.23906307,
          0.337208,
          -0.91057104,
          0,
          -3.9052117,
          18.243612,
          -56.552658,
          1
        ]
      },
      {
        "date" : 769388124.01155,
        "title" : "Untitled",
        "transform" : [
          -0.48881006,
          4.5002686e-08,
          0.87239033,
          0,
          0.6494177,
          0.6677207,
          0.36387596,
          0,
          -0.58251303,
          0.74441195,
          -0.32638857,
          0,
          -25.322931,
          32.64184,
          -17.928144,
          1
        ]
      },
      {
        "date" : 769388111.960226,
        "title" : "Untitled",
        "transform" : [
          0.88881,
          4.7388156e-08,
          -0.45827582,
          0,
          -0.23479676,
          0.8587779,
          -0.45538005,
          0,
          0.3935571,
          0.51234806,
          0.76329035,
          0,
          62.542694,
          91.43181,
          150.8869,
          1
        ]
      },
      {
        "date" : 768524463.375013,
        "title" : "Untitled",
        "transform" : [
          0.8888101,
          6.278018e-08,
          -0.45827582,
          0,
          -0.23479675,
          0.8587778,
          -0.45538005,
          0,
          0.3935571,
          0.5123481,
          0.76329046,
          0,
          543.2981,
          210.47272,
          1155.9763,
          1
        ]
      },
      {
        "date" : 768523642.379758,
        "title" : "Untitled",
        "transform" : [
          0.8888101,
          6.278018e-08,
          -0.45827582,
          0,
          -0.23479675,
          0.8587778,
          -0.45538005,
          0,
          0.3935571,
          0.5123481,
          0.76329046,
          0,
          543.2981,
          210.47272,
          1155.9763,
          1
        ]
      },
      {
        "date" : 767146323.641314,
        "title" : "Untitled",
        "transform" : [
          0.88881004,
          6.245719e-08,
          -0.4582758,
          0,
          -0.23479678,
          0.8587779,
          -0.45538002,
          0,
          0.3935571,
          0.51234806,
          0.7632904,
          0,
          3.3712256,
          -475.53796,
          42.844788,
          1
        ]
      },
      {
        "date" : 767146319.070406,
        "title" : "Untitled",
        "transform" : [
          0.88881004,
          6.245719e-08,
          -0.4582758,
          0,
          -0.23479678,
          0.8587779,
          -0.45538002,
          0,
          0.3935571,
          0.51234806,
          0.7632904,
          0,
          -6.304369,
          -488.13416,
          24.079285,
          1
        ]
      }
    ],
    "1CE22AFD-AFFC-4A87-B2C8-509F66F3E3D8" : [
      {
        "date" : 766608827.85032,
        "title" : "Untitled",
        "transform" : [
          0.87854415,
          4.525009e-08,
          -0.47766113,
          0,
          -0.014767294,
          0.999522,
          -0.027160529,
          0,
          0.47743276,
          0.030915724,
          0.87812424,
          0,
          17.56146,
          3.9143229,
          19.153078,
          1
        ]
      },
      {
        "date" : 766608570.494561,
        "title" : "Untitled",
        "transform" : [
          0.9596181,
          4.4226635e-08,
          0.2813061,
          0,
          0.034538664,
          0.99243385,
          -0.11782223,
          0,
          -0.27917778,
          0.12278052,
          0.9523575,
          0,
          -1.4402256,
          6.275293,
          25.213383,
          1
        ]
      },
      {
        "date" : 766608554.134223,
        "title" : "Untitled",
        "transform" : [
          0.4498341,
          4.4243755e-08,
          0.8931122,
          0,
          0.1132185,
          0.9919323,
          -0.057025004,
          0,
          -0.8859068,
          0.12676886,
          0.44620484,
          0,
          -7.061857,
          6.355228,
          7.2217617,
          1
        ]
      },
      {
        "date" : 766608550.480553,
        "title" : "Untitled",
        "transform" : [
          0.9999969,
          4.379941e-08,
          0.002498333,
          0,
          9.04221e-05,
          0.99934214,
          -0.03626634,
          0,
          -0.0024967876,
          0.036266696,
          0.999339,
          0,
          13.573579,
          3.914225,
          27.307531,
          1
        ]
      },
      {
        "date" : 766608538.093278,
        "title" : "Untitled",
        "transform" : [
          -0.47127816,
          3.4535024e-08,
          0.88198453,
          0,
          0.30017996,
          0.9403003,
          0.16039746,
          0,
          -0.82933027,
          0.34034616,
          -0.44314307,
          0,
          -4.6752796,
          12.550237,
          -8.05891,
          1
        ]
      },
      {
        "date" : 766608534.838671,
        "title" : "Untitled",
        "transform" : [
          0.2789063,
          3.5889173e-08,
          0.96031827,
          0,
          0.479047,
          0.866693,
          -0.13913034,
          0,
          -0.83230096,
          0.4988421,
          0.24172606,
          0,
          -9.153856,
          17.102945,
          11.154828,
          1
        ]
      },
      {
        "date" : 766608525.3622,
        "title" : "Untitled",
        "transform" : [
          0.9974326,
          4.4382276e-08,
          0.07161243,
          0,
          0.025650065,
          0.933652,
          -0.35726196,
          0,
          -0.06686113,
          0.35818172,
          0.93125474,
          0,
          7.1802216,
          13.061193,
          37.853737,
          1
        ]
      },
      {
        "date" : 766608521.34422,
        "title" : "Untitled",
        "transform" : [
          0.30926815,
          4.4413735e-08,
          -0.95097494,
          0,
          -0.07323503,
          0.99703026,
          -0.023816684,
          0,
          0.9481507,
          0.0770106,
          0.3083497,
          0,
          50.47762,
          3.207283,
          27.50301,
          1
        ]
      },
      {
        "date" : 766608517.147309,
        "title" : "Untitled",
        "transform" : [
          0.7971229,
          4.460904e-08,
          -0.60381716,
          0,
          -0.09025875,
          0.9887649,
          -0.11915382,
          0,
          0.59703314,
          0.1494802,
          0.78816706,
          0,
          33.218502,
          5.8107486,
          41.43487,
          1
        ]
      },
      {
        "date" : 766608510.850287,
        "title" : "Untitled",
        "transform" : [
          0.7299843,
          3.9675626e-08,
          0.6834638,
          0,
          0.6007325,
          0.47690848,
          -0.641622,
          0,
          -0.32594958,
          0.8789531,
          0.34813556,
          0,
          2.291048,
          30.836557,
          12.207285,
          1
        ]
      }
    ],
    "2462B4D1-3729-4740-A527-08AF2D4079AE" : [
      {
        "date" : 769637582.221791,
        "title" : "Untitled",
        "transform" : [
          1,
          0,
          -0,
          0,
          -0,
          0.7071069,
          -0.7071067,
          0,
          0,
          0.7071067,
          0.7071069,
          0,
          1.1920929e-07,
          0.10272467,
          0.10272479,
          1
        ]
      }
    ],
    "2BD24514-86D6-4A9A-B46F-64DF2E05B4D9" : [
      {
        "date" : 767660370.057053,
        "title" : "Untitled",
        "transform" : [
          0.9913384,
          9.076253e-09,
          0.13133205,
          0,
          0.06901945,
          0.8507723,
          -0.5209823,
          0,
          -0.11173357,
          0.52553433,
          0.8434032,
          0,
          -0.18659446,
          0.8776381,
          1.4094235,
          1
        ]
      },
      {
        "date" : 767660366.296447,
        "title" : "Untitled",
        "transform" : [
          0.99470687,
          8.751737e-09,
          0.102753006,
          0,
          0.051416814,
          0.86579853,
          -0.49774408,
          0,
          -0.0889633,
          0.50039274,
          0.8612158,
          0,
          -0.148541,
          0.83562434,
          1.4391694,
          1
        ]
      },
      {
        "date" : 767660344.159673,
        "title" : "Untitled",
        "transform" : [
          0.8421052,
          7.765806e-09,
          -0.5393133,
          0,
          -0.25592953,
          0.8802302,
          -0.39961857,
          0,
          0.47471997,
          0.47454703,
          0.7412464,
          0,
          0.7933882,
          0.79243445,
          1.2385976,
          1
        ]
      },
      {
        "date" : 767660271.448921,
        "title" : "Untitled",
        "transform" : [
          0.914838,
          1.7847285e-08,
          -0.40382117,
          0,
          -0.26891568,
          0.7460162,
          -0.6092159,
          0,
          0.30125722,
          0.6659277,
          0.682484,
          0,
          0.50358385,
          1.1122576,
          1.1405382,
          1
        ]
      },
      {
        "date" : 767660247.526036,
        "title" : "Untitled",
        "transform" : [
          0.93287534,
          1.7577365e-08,
          0.36019966,
          0,
          0.19543394,
          0.8400098,
          -0.50615126,
          0,
          -0.30257118,
          0.5425712,
          0.7836243,
          0,
          -0.5055137,
          0.90610844,
          1.3095666,
          1
        ]
      },
      {
        "date" : 767660215.365621,
        "title" : "Untitled",
        "transform" : [
          -0.98081714,
          1.2693317e-08,
          0.19492988,
          0,
          0.052939508,
          0.9624153,
          0.26637247,
          0,
          -0.18760353,
          0.27158207,
          -0.94395345,
          0,
          -0.313594,
          0.453282,
          -1.5772557,
          1
        ]
      },
      {
        "date" : 767660211.549434,
        "title" : "Untitled",
        "transform" : [
          -0.15783381,
          1.032683e-08,
          -0.9874657,
          0,
          -0.539956,
          0.83725685,
          0.0863051,
          0,
          0.8267625,
          0.5468097,
          -0.13214748,
          0,
          1.3815937,
          0.91319144,
          -0.22095583,
          1
        ]
      },
      {
        "date" : 767660205.836683,
        "title" : "Untitled",
        "transform" : [
          -0.9923768,
          1.0431609e-08,
          0.123241074,
          0,
          0.039138682,
          0.9482322,
          0.31515715,
          0,
          -0.11686119,
          0.31757793,
          -0.9410036,
          0,
          -4.743482,
          12.869973,
          -38.171597,
          1
        ]
      },
      {
        "date" : 767660193.639841,
        "title" : "Untitled",
        "transform" : [
          -0.3368924,
          6.3462635e-09,
          0.94154316,
          0,
          0.73508793,
          0.6248726,
          0.2630209,
          0,
          -0.5883447,
          0.7807266,
          -0.21051486,
          0,
          -23.873756,
          31.65969,
          -8.539039,
          1
        ]
      },
      {
        "date" : 767660187.84314,
        "title" : "Untitled",
        "transform" : [
          -0.28747702,
          8.09891e-09,
          0.9577876,
          0,
          0.5614331,
          0.81018305,
          0.1685124,
          0,
          -0.7759833,
          0.5861769,
          -0.23290901,
          0,
          -11.158703,
          8.429242,
          -3.3492484,
          1
        ]
      }
    ],
    "2EF998C0-C122-4093-9D64-D1B6D5E94C55" : [
      {
        "date" : 767207344.481982,
        "title" : "Untitled",
        "transform" : [
          1,
          0,
          -0,
          0,
          -0,
          0.7071069,
          -0.7071067,
          0,
          0,
          0.7071067,
          0.7071069,
          0,
          1.1920929e-07,
          0.10051179,
          0.10051179,
          1
        ]
      }
    ],
    "582AD03E-C50E-4968-A2BD-69537C4F5A9C" : [
      {
        "date" : 769646453.800924,
        "title" : "Untitled",
        "transform" : [
          0.1559611,
          2.707928e-09,
          -0.9877631,
          0,
          -0.29681268,
          0.953785,
          -0.046864685,
          0,
          0.9421138,
          0.30048963,
          0.14875337,
          0,
          2.4365885,
          0.7771566,
          0.38472065,
          1
        ]
      },
      {
        "date" : 769646450.936976,
        "title" : "Untitled",
        "transform" : [
          0.9932211,
          5.7727423e-10,
          0.1162398,
          0,
          0.0619169,
          0.84632605,
          -0.52905446,
          0,
          -0.09837679,
          0.5326652,
          0.84058905,
          0,
          -0.2544317,
          1.3776321,
          2.174015,
          1
        ]
      },
      {
        "date" : 769646434.400538,
        "title" : "Untitled",
        "transform" : [
          0.25231746,
          -1.6597731e-08,
          0.9676445,
          0,
          0.08811459,
          0.9958454,
          -0.02297625,
          0,
          -0.9636243,
          0.09106088,
          0.25126916,
          0,
          -2.4922214,
          0.23551092,
          0.64985746,
          1
        ]
      },
      {
        "date" : 769646407.53546,
        "title" : "Untitled",
        "transform" : [
          1,
          0,
          0,
          0,
          0,
          0.7071069,
          -0.70710677,
          0,
          0,
          0.70710677,
          0.7071069,
          0,
          0,
          1.8287902,
          1.8287904,
          1
        ]
      }
    ],
    "6C174039-A6B4-4C20-AD95-74CE103BF8A8" : [
      {
        "date" : 769639666.014684,
        "title" : "Untitled",
        "transform" : [
          0.87784064,
          9.139028e-09,
          0.4789529,
          0,
          0.1870691,
          0.9205693,
          -0.3428664,
          0,
          -0.44090936,
          0.3905794,
          0.80811316,
          0,
          -0.88642365,
          0.62691844,
          1.472032,
          1
        ]
      },
      {
        "date" : 769639660.654062,
        "title" : "Untitled",
        "transform" : [
          0.98339593,
          -7.455523e-10,
          -0.1814729,
          0,
          -0.11984836,
          0.75089645,
          -0.64945436,
          0,
          0.13626738,
          0.6604201,
          0.7384285,
          0,
          0.28222156,
          1.7040313,
          2.1339955,
          1
        ]
      },
      {
        "date" : 766723793.859978,
        "title" : "Untitled",
        "transform" : [
          0.7719094,
          -2.4234037e-10,
          -0.6357325,
          0,
          -0.43298164,
          0.73221356,
          -0.52572834,
          0,
          0.46549195,
          0.6810752,
          0.56520253,
          0,
          1.2512861,
          1.7632384,
          1.6919167,
          1
        ]
      }
    ],
    "83C667AC-2C51-4296-82D0-F31221DF6867" : [
      {
        "date" : 767643786.561552,
        "title" : "Untitled",
        "transform" : [
          -0.99912643,
          6.378006e-08,
          0.04179142,
          0,
          0.03315826,
          0.608672,
          0.7927287,
          0,
          -0.025437152,
          0.7934219,
          -0.6081404,
          0,
          -0.08422306,
          0.30795997,
          -0.1566371,
          1
        ]
      },
      {
        "date" : 767643779.874591,
        "title" : "Untitled",
        "transform" : [
          -0.6842439,
          7.109916e-08,
          0.7292533,
          0,
          0.728809,
          0.034899548,
          0.68382704,
          0,
          -0.025450528,
          0.9993908,
          -0.02387984,
          0,
          0.4725073,
          1.4601288,
          0.2020373,
          1
        ]
      },
      {
        "date" : 767643775.228252,
        "title" : "Untitled",
        "transform" : [
          -0.9891115,
          7.109916e-08,
          0.14716862,
          0,
          0.14707895,
          0.034899607,
          0.9885089,
          0,
          -0.0051360396,
          0.9993908,
          -0.03451958,
          0,
          0.4609971,
          1.4601288,
          -0.16894838,
          1
        ]
      },
      {
        "date" : 767643768.436732,
        "title" : "Untitled",
        "transform" : [
          -0.98073316,
          6.663535e-08,
          -0.19535223,
          0,
          -0.12234084,
          0.77961606,
          0.61419195,
          0,
          0.15229976,
          0.62625796,
          -0.76459527,
          0,
          0.17363115,
          0.1778034,
          -0.31100956,
          1
        ]
      },
      {
        "date" : 767643754.231777,
        "title" : "Untitled",
        "transform" : [
          -0.11269099,
          6.6793525e-08,
          -0.99363005,
          0,
          -0.64870834,
          0.7574726,
          0.07357229,
          0,
          0.7526475,
          0.6528671,
          -0.085360326,
          0,
          0.34280378,
          0.18942827,
          0.07135303,
          1
        ]
      },
      {
        "date" : 767643749.801272,
        "title" : "Untitled",
        "transform" : [
          0.059639134,
          6.6785404e-08,
          -0.99821997,
          0,
          -0.8253033,
          0.5625328,
          -0.049308106,
          0,
          0.5615314,
          0.82677495,
          0.033548996,
          0,
          0.2651521,
          0.26910257,
          0.12556638,
          1
        ]
      },
      {
        "date" : 767643731.920813,
        "title" : "Untitled",
        "transform" : [
          0.059639048,
          6.7089534e-09,
          -0.99822,
          0,
          -0.8253034,
          0.5625327,
          -0.049307995,
          0,
          0.56153154,
          0.8267749,
          0.033548933,
          0,
          1.6553048,
          1.701418,
          0.09889683,
          1
        ]
      },
      {
        "date" : 767643722.136556,
        "title" : "Untitled",
        "transform" : [
          0.9615666,
          8.806965e-09,
          0.27457163,
          0,
          0.2510471,
          0.40498555,
          -0.8791826,
          0,
          -0.11119757,
          0.91432303,
          0.3894207,
          0,
          -0.16779639,
          0.90907735,
          0.5876333,
          1
        ]
      },
      {
        "date" : 767643699.212861,
        "title" : "Untitled",
        "transform" : [
          0.9615666,
          8.806965e-09,
          0.27457163,
          0,
          0.2510471,
          0.40498555,
          -0.8791826,
          0,
          -0.11119757,
          0.91432303,
          0.3894207,
          0,
          -0.06292723,
          0.3415484,
          0.22037506,
          1
        ]
      },
      {
        "date" : 767643689.73827,
        "title" : "Untitled",
        "transform" : [
          0.9615666,
          8.806965e-09,
          0.27457163,
          0,
          0.2510471,
          0.40498555,
          -0.8791826,
          0,
          -0.11119757,
          0.91432303,
          0.3894207,
          0,
          -0.40066844,
          2.16933,
          1.4031657,
          1
        ]
      }
    ],
    "8AFBF4A7-0B2E-496D-A61B-A4E8569EBEEF" : [
      {
        "date" : 768759231.891232,
        "title" : "Untitled",
        "transform" : [
          0.8609698,
          -3.5415518e-08,
          -0.50865626,
          0,
          -0.05058924,
          0.99504185,
          -0.08562903,
          0,
          0.50613433,
          0.09945657,
          0.8567009,
          0,
          1.0258695,
          0.23327701,
          1.9353695,
          1
        ]
      },
      {
        "date" : 768352255.18432,
        "title" : "Untitled",
        "transform" : [
          0.6051934,
          -2.723539e-08,
          -0.79607856,
          0,
          -0.28544924,
          0.93350327,
          -0.2170036,
          0,
          0.74314195,
          0.35856918,
          0.56494987,
          0,
          1.5708647,
          0.8030587,
          1.3213972,
          1
        ]
      },
      {
        "date" : 768352245.156334,
        "title" : "Untitled",
        "transform" : [
          0.9120391,
          -1.094978e-08,
          -0.41010326,
          0,
          0.0044400385,
          0.9999413,
          0.009874483,
          0,
          0.4100792,
          -0.010826728,
          0.9119856,
          0,
          0.8106451,
          -0.009331932,
          2.049726,
          1
        ]
      },
      {
        "date" : 768352239.815416,
        "title" : "Untitled",
        "transform" : [
          -0.079477385,
          9.354087e-09,
          -0.99683666,
          0,
          -0.6912418,
          0.72051877,
          0.055112496,
          0,
          0.7182395,
          0.6934354,
          -0.057264913,
          0,
          1.5794754,
          1.5372943,
          -0.024350313,
          1
        ]
      },
      {
        "date" : 768352236.269707,
        "title" : "Untitled",
        "transform" : [
          0.99901074,
          1.8498993e-08,
          0.044469886,
          0,
          0.0042546643,
          0.9954126,
          -0.09558184,
          0,
          -0.044265993,
          0.09567649,
          0.99442786,
          0,
          -0.19856428,
          0.22510648,
          2.1836915,
          1
        ]
      },
      {
        "date" : 768352229.325527,
        "title" : "Untitled",
        "transform" : [
          0.9270246,
          1.749938e-08,
          -0.37500024,
          0,
          -0.36123365,
          0.26846695,
          -0.8929926,
          0,
          0.100675054,
          0.96328896,
          0.24887553,
          0,
          0.122561075,
          2.124913,
          0.5730036,
          1
        ]
      },
      {
        "date" : 768352219.291385,
        "title" : "Untitled",
        "transform" : [
          0.94251376,
          1.8356285e-09,
          -0.33416766,
          0,
          -0.12342427,
          0.92929107,
          -0.34811574,
          0,
          0.31053895,
          0.36934826,
          0.8758696,
          0,
          0.5865315,
          0.82673144,
          1.9573209,
          1
        ]
      },
      {
        "date" : 768352207.715037,
        "title" : "Untitled",
        "transform" : [
          0.73440146,
          7.2039317e-09,
          0.6787154,
          0,
          -0.03846531,
          0.99839276,
          0.04162117,
          0,
          -0.6776245,
          -0.056673612,
          0.73322105,
          0,
          -1.5669509,
          -0.11030245,
          1.5463207,
          1
        ]
      },
      {
        "date" : 768352167.313482,
        "title" : "Untitled",
        "transform" : [
          0.92451185,
          6.5749646e-09,
          -0.3811531,
          0,
          0.010736353,
          0.9996032,
          0.026041858,
          0,
          0.38100192,
          -0.028168172,
          0.9241451,
          0,
          0.61517435,
          -0.039215513,
          1.7113836,
          1
        ]
      },
      {
        "date" : 768180379.942253,
        "title" : "Untitled",
        "transform" : [
          0.79059136,
          -1.9926898e-09,
          0.6123441,
          0,
          0.4282575,
          0.71475595,
          -0.5529191,
          0,
          -0.43767655,
          0.699374,
          0.56507987,
          0,
          -0.16227652,
          0.2424727,
          0.18364996,
          1
        ]
      }
    ],
    "9F96066D-FAF6-40E2-9D4F-FA572917678F" : [
      {
        "date" : 766708894.922778,
        "title" : "Untitled",
        "transform" : [
          0.9031263,
          4.4045823e-08,
          0.42937514,
          0,
          -0.077352695,
          0.9836389,
          0.16269967,
          0,
          -0.42234996,
          -0.18015164,
          0.88835,
          0,
          -8.262439,
          12.617731,
          58.53606,
          1
        ]
      },
      {
        "date" : 766705912.17381,
        "title" : "Untitled",
        "transform" : [
          0.57727885,
          4.944314e-08,
          0.816547,
          0,
          0.3811554,
          0.8843686,
          -0.26946765,
          0,
          -0.7221285,
          0.46678928,
          0.5105273,
          0,
          -4.6165314,
          10.540547,
          8.355185,
          1
        ]
      },
      {
        "date" : 766705525.956297,
        "title" : "Untitled",
        "transform" : [
          0.25677958,
          5.5531665e-08,
          0.96646994,
          0,
          0.23934904,
          0.9688488,
          -0.06359226,
          0,
          -0.9363633,
          0.24765283,
          0.24878067,
          0,
          -9.384163,
          8.245715,
          6.7948685,
          1
        ]
      },
      {
        "date" : 766705523.421492,
        "title" : "Untitled",
        "transform" : [
          0.016316187,
          5.5305986e-08,
          0.99986684,
          0,
          0.06284813,
          0.9980226,
          -0.0010256484,
          0,
          -0.99788976,
          0.062856495,
          0.016284013,
          0,
          -11.43271,
          2.0928607,
          -0.94618297,
          1
        ]
      },
      {
        "date" : 766705512.335553,
        "title" : "Untitled",
        "transform" : [
          0.31176686,
          5.5074956e-08,
          0.9501586,
          0,
          0.47439727,
          0.86643946,
          -0.15565972,
          0,
          -0.8232549,
          0.4992822,
          0.27012718,
          0,
          -515.28204,
          282.30515,
          143.1184,
          1
        ]
      },
      {
        "date" : 766705507.299227,
        "title" : "Untitled",
        "transform" : [
          0.32460466,
          5.9630565e-08,
          0.9458498,
          0,
          0.26542142,
          0.95981985,
          -0.09108961,
          0,
          -0.9078454,
          0.2806169,
          0.31156203,
          0,
          -561.7382,
          148.24458,
          166.70737,
          1
        ]
      },
      {
        "date" : 766704950.704315,
        "title" : "Untitled",
        "transform" : [
          0.32460466,
          5.9630565e-08,
          0.9458498,
          0,
          0.26542142,
          0.95981985,
          -0.09108961,
          0,
          -0.9078454,
          0.2806169,
          0.31156203,
          0,
          -561.7382,
          148.24458,
          166.70737,
          1
        ]
      },
      {
        "date" : 766704949.222439,
        "title" : "Untitled",
        "transform" : [
          0.32460466,
          5.1058663e-08,
          0.9458498,
          0,
          0.26542142,
          0.95981985,
          -0.09108961,
          0,
          -0.9078454,
          0.2806169,
          0.31156203,
          0,
          -561.7382,
          148.24457,
          166.70738,
          1
        ]
      },
      {
        "date" : 766704944.891889,
        "title" : "Untitled",
        "transform" : [
          0.32460466,
          4.248676e-08,
          0.9458498,
          0,
          0.2654214,
          0.95981985,
          -0.09108961,
          0,
          -0.9078454,
          0.28061688,
          0.31156203,
          0,
          -561.7381,
          148.2445,
          166.7073,
          1
        ]
      },
      {
        "date" : 766702001.828842,
        "title" : "Untitled",
        "transform" : [
          0.32460472,
          6.572238e-08,
          0.94584984,
          0,
          0.2654214,
          0.9598199,
          -0.09108961,
          0,
          -0.9078454,
          0.2806169,
          0.31156197,
          0,
          -64.29284,
          31.4868,
          1.8783295,
          1
        ]
      }
    ],
    "AE504017-00D7-4C67-97A4-9F31C1338030" : [
      {
        "date" : 766972554.812575,
        "title" : "Untitled",
        "transform" : [
          0.7091941,
          5.6437557e-09,
          0.7050133,
          0,
          0.3332583,
          0.88122463,
          -0.33523458,
          0,
          -0.62127507,
          0.47269785,
          0.62495935,
          0,
          -17.458792,
          33.488476,
          60.57052,
          1
        ]
      },
      {
        "date" : 766970864.055749,
        "title" : "Untitled",
        "transform" : [
          1,
          0,
          0,
          0,
          0,
          0.7071069,
          -0.7071067,
          0,
          0,
          0.7071067,
          0.7071069,
          0,
          16.35176,
          43.1892,
          44.333313,
          1
        ]
      },
      {
        "date" : 766970854.298787,
        "title" : "Untitled",
        "transform" : [
          1,
          0,
          -0,
          0,
          -0,
          0.7071069,
          -0.7071067,
          0,
          0,
          0.7071067,
          0.7071069,
          0,
          16.35112,
          8.759615,
          9.903877,
          1
        ]
      }
    ],
    "AF089427-1F7D-40B8-A08E-F29C38DD82BF" : [
      {
        "date" : 766435737.640489,
        "title" : "Untitled",
        "transform" : [
          0.9997881,
          1.3692013e-09,
          -0.020585502,
          0,
          -0.010987736,
          0.8456355,
          -0.53364784,
          0,
          0.017407848,
          0.53376096,
          0.8454563,
          0,
          -0.00036350268,
          0.062909774,
          0.1259123,
          1
        ]
      },
      {
        "date" : 766435697.704594,
        "title" : "Untitled",
        "transform" : [
          0.9771732,
          1.4638237e-09,
          -0.21244448,
          0,
          -0.08964037,
          0.9066204,
          -0.41231555,
          0,
          0.19260651,
          0.4219473,
          0.8859251,
          0,
          0.02533602,
          0.046399802,
          0.13044854,
          1
        ]
      },
      {
        "date" : 766434299.505763,
        "title" : "Untitled",
        "transform" : [
          0.97717315,
          -7.4814643e-10,
          -0.21244448,
          0,
          -0.089640364,
          0.9066203,
          -0.41231558,
          0,
          0.19260648,
          0.42194724,
          0.88592505,
          0,
          0.019550638,
          0.05349275,
          0.08992637,
          1
        ]
      }
    ],
    "B1705CED-CB8A-43DD-8350-0E2161FDCEED" : [
      {
        "date" : 766722037.989704,
        "title" : "Untitled",
        "transform" : [
          0.48394,
          7.701197e-09,
          -0.8751012,
          0,
          -0.21087158,
          0.9705329,
          -0.11661413,
          0,
          0.8493146,
          0.24096799,
          0.46967968,
          0,
          90.243034,
          43.067394,
          52.505787,
          1
        ]
      },
      {
        "date" : 766722013.920988,
        "title" : "Untitled",
        "transform" : [
          0.31105033,
          7.278721e-09,
          0.9503935,
          0,
          0.36357746,
          0.92393285,
          -0.11899377,
          0,
          -0.8780998,
          0.3825545,
          0.28738964,
          0,
          -92.51319,
          58.087914,
          27.88381,
          1
        ]
      },
      {
        "date" : 766722008.833626,
        "title" : "Untitled",
        "transform" : [
          0.28864056,
          4.3616732e-09,
          0.9574376,
          0,
          0.10624108,
          0.9938244,
          -0.03202872,
          0,
          -0.951525,
          0.11096384,
          0.28685808,
          0,
          -105.34728,
          28.922691,
          29.382418,
          1
        ]
      },
      {
        "date" : 766721991.680516,
        "title" : "Untitled",
        "transform" : [
          -0.3757736,
          1.3446391e-09,
          0.9267115,
          0,
          0.3860463,
          0.90910053,
          0.15653847,
          0,
          -0.8424741,
          0.41657656,
          -0.34161603,
          0,
          -86.551796,
          61.63142,
          -37.55165,
          1
        ]
      },
      {
        "date" : 766721988.998815,
        "title" : "Untitled",
        "transform" : [
          0.9860694,
          -5.319657e-09,
          0.16633467,
          0,
          0.09025551,
          0.8399821,
          -0.53505504,
          0,
          -0.13971816,
          0.542614,
          0.82828075,
          0,
          -16.264921,
          74.50213,
          82.74083,
          1
        ]
      },
      {
        "date" : 766721979.189827,
        "title" : "Untitled",
        "transform" : [
          0.95329034,
          -2.804967e-09,
          0.3020556,
          0,
          0.10151335,
          0.9418353,
          -0.3203771,
          0,
          -0.28448662,
          0.33607498,
          0.89784247,
          0,
          -32.207115,
          53.204178,
          94.112015,
          1
        ]
      },
      {
        "date" : 766721965.737925,
        "title" : "Untitled",
        "transform" : [
          0.9999819,
          7.611767e-10,
          0.006016977,
          0,
          0.0014066807,
          0.9722883,
          -0.23378111,
          0,
          -0.00585023,
          0.23378529,
          0.9722707,
          0,
          -2.9056587,
          42.29438,
          104.69253,
          1
        ]
      },
      {
        "date" : 766721951.076314,
        "title" : "Untitled",
        "transform" : [
          0.9991681,
          8.1182794e-10,
          -0.04078132,
          0,
          -0.0015416091,
          0.9992853,
          -0.037770387,
          0,
          0.040752176,
          0.03780177,
          0.998454,
          0,
          2.0957437,
          21.352222,
          108.73373,
          1
        ]
      },
      {
        "date" : 766721931.733831,
        "title" : "Untitled",
        "transform" : [
          0.99642,
          3.7999204e-10,
          -0.0845408,
          0,
          -0.013534584,
          0.9871016,
          -0.15952216,
          0,
          0.08345036,
